67
68
67
66
66
66
117
117
63
63
64
130
129
128
128
127
127
126
127
98
98
94
96
93
79
78
79
54
54
53
2
62
67
68
82
83
84
93
94
99
101
115
114
113
112
47
110
109
109
109
109
109
109
108
107
81
106
41
40
104
104
40
78
77
45
74
101
101
100
72
62
61
100
91
91
91
84
56
83
81
83
58
82
82
94
94
94
81
62
63
63
92
92
77
76
48
64
64
65
65
59
60
57
56
5
5
87
55
86
70
86
33
55
55
56
84
84
84
84
84
74
72
83
82
82
82
81
13
80
80
80
79
79
79
79
79
78
78
77
77
77
76
76
76
76
76
76
76
75
75
75
74
74
74
74
73
73
73
73
76
72
74
71
71
71
70
70
70
70
70
3
4
4
4
4
4
4
4
4
4
4
4
4
5
75
75
75
72
72
71
69
66
66
66
66
67
67
67
2
66
66
65
64
30
2
3
3
2
64
64
64
64
64
64
64
60
64
64
5
66
73
88
99
100
100
100
101
100
100
100
100
100
100
100
100
99
100
100
100
100
100
99
99
98
98
99
99
99
99
99
98
98
98
99
73
65
10
10
2
2
2
2
2
2
2
2
2
2
3
3
3
2
3
3
3
3
3
3
2
2
2
2
3
5
5
4
5
6
4
3
5
5
7
7
21
65
18
25
24
24
22
21
22
25
26
26
67
67
67
67
67
67
67
67
67
67
67
68
68
68
68
68
68
68
69
69
69
70
69
69
69
69
70
70
70
70
70
71
71
72
72
72
72
72
72
72
72
73
73
73
73
73
73
73
73
73
73
75
75
75
75
75
75
75
75
76
75
75
76
76
76
76
77
77
77
77
77
78
78
78
92
97
91
88
89
88
83
81
82
82
81
81
82
82
83
83
83
83
83
83
83
83
84
83
84
85
85
85
86
86
87
87
87
88
87
87
88
88
89
90
89
89
90
90
91
91
91
92
92
92
92
92
93
93
94
94
94
94
95
95
96
96
96
97
97
98
98
98
98
99
99
99
100
100
101
101
102
102
102
103
103
103
104
104
104
105
105
106
106
106
127
127
6
6
6
6
109
109
110
111
111
111
111
112
113
114
114
114
114
115
115
116
117
117
117
117
118
119
119
119
120
120
120
121
121
122
123
123
125
125
126
126
126
126
131
132
133
133
260
260
